[ acyl ]
DPPC
34
31 32 33 45 48 51 54 57 60 63 66 69 72 75 78 81 84 40 41 42 88 91 94 97 100 103 106 109 112 115 118 121 124 127

[ sn1 ]
DPPC
14
42 88 91 94 97 100 103 106 109 112 115 118 121 124 

[ sn2 ]
DPPC
14
33 45 48 51 54 57 60 63 66 69 72 75 78 81 

[ choline ]
DPPC
6
1 2 6 10 14 17

[ phosphate ]
DPPC
4
20 21 22 23

[ head ]
DPPC
10 
1 2 6 10 14 17 20 21 22 23

[ cholesterol ]
CHL1
28
1 3 5 8 9 11 14 16 18 21 24 26 27 31 34 37 39 40 44 47 50 52 56 59 62 65 67 71

[ olip ]
DPPC
8
21 22 23 24 30 32 39 41

[ ochl ]
CHL1
1
3

[ ow ]
TIP3
1
1

[ hw ]
TIP3
1
2

[ o1 ] 
DPPC
2
21 22

[ o2 ]
DPPC
1
23

[ o3 ]
DPPC
1
24

[ o4 ]
DPPC
1
30

[ o5 ]
DPPC
1
32

[ o6 ]
DPPC
1
39

[ o7 ]
DPPC
1
41

[ phosphorus ]
DPPC
1
20

[ n+ ]
DPPC
1
1







